1 1 0 0 0 0 0 0 0
5 5 10 20 50 100
0
100
45794
70196
50594
12258
48722
105986
58936
99536
57502
58440
26756
108262
42810
106478
23152
111374
33912
55102
54654
38880
61318
27594
113308
91202
9128
24798
93006
35064
79998
103382
78998
52202
114866
62876
14764
51976
40740
87204
12286
112444
16964
106580
1426
74168
21056
43670
62106
32398
63472
50190
11162
90174
111476
33708
104034
40796
80998
60764
28784
91796
112684
94242
110082
52164
22904
9654
70904
101544
67492
96104
69134
59244
1144
9458
100556
39212
97088
6554
31392
62926
64928
19740
101196
60252
23478
24040
64384
41230
20942
47818
55804
71554
81588
49548
27700
103988
60320
31332
31088
51932
